12 (number of trees) 25 (number of maximum species by tree)
0	0.380952	0.333333	0.47619	0.609649	0.47619	0.421053	0.444444	0.388889	0.571429	0.571429	0.47619	
0.380952	0	0.380952	0.619048	0.504386	0.380952	0.421053	0.444444	0.444444	0.428571	0.52381	0.428571	
0.333333	0.380952	0	0.619048	0.557018	0.380952	0.368421	0.5	0.444444	0.5	0.428571	0.380952	
0.47619	0.619048	0.619048	0	0.767544	0.681818	0.684211	0.611111	0.5	0.714286	0.761905	0.714286	
0.609649	0.504386	0.557018	0.767544	0	0.662281	0.502674	0.470238	0.595238	0.70098	0.609649	0.557018	
0.47619	0.380952	0.380952	0.681818	0.662281	0	0.315789	0.5	0.5	0.571429	0.47619	0.380952	
0.421053	0.421053	0.368421	0.684211	0.502674	0.315789	0	0.459384	0.40056	0.70098	0.473684	0.368421	
0.444444	0.444444	0.5	0.611111	0.470238	0.5	0.459384	0	0.5	0.520362	0.611111	0.555556	
0.388889	0.444444	0.444444	0.5	0.595238	0.5	0.40056	0.5	0	0.674208	0.611111	0.5	
0.571429	0.428571	0.5	0.714286	0.70098	0.571429	0.70098	0.520362	0.674208	0	0.5	0.5	
0.571429	0.52381	0.428571	0.761905	0.609649	0.47619	0.473684	0.611111	0.611111	0.5	0	0.333333	
0.47619	0.428571	0.380952	0.714286	0.557018	0.380952	0.368421	0.555556	0.5	0.5	0.333333	0
